0.534045 0.005340 0.001335 0.012016 0.093458 0.006676 0.009346 0.016021 0.088117 0.072096 0.125501 0.036048
0.000000 1.000000 0.000000 0.000000 0.000000 0.000000 0.000000 0.000000 0.000000 0.000000 0.000000 0.000000
0.000000 0.000000 1.000000 0.000000 0.000000 0.000000 0.000000 0.000000 0.000000 0.000000 0.000000 0.000000
0.000000 0.000000 0.000000 0.501524 0.000000 0.000000 0.000000 0.000000 0.000000 0.498476 0.000000 0.000000
0.000000 0.000000 0.000000 0.000000 0.995006 0.000000 0.000000 0.000000 0.000000 0.000000 0.000000 0.004994
0.000000 0.000000 0.000000 0.000000 0.000000 1.000000 0.000000 0.000000 0.000000 0.000000 0.000000 0.000000
0.000000 0.000000 0.000000 0.000000 0.000000 0.000000 1.000000 0.000000 0.000000 0.000000 0.000000 0.000000
0.000000 0.000000 0.000000 0.000000 0.000000 0.000000 0.000000 1.000000 0.000000 0.000000 0.000000 0.000000
0.000000 0.000000 0.006250 0.000000 0.006250 0.000000 0.000000 0.000000 0.987500 0.000000 0.000000 0.000000
0.000000 0.000000 0.000000 0.000000 0.000000 0.000000 0.000000 0.000000 0.000000 1.000000 0.000000 0.000000
0.000000 0.000000 0.000000 0.000000 0.000000 0.000000 0.000000 0.000000 0.000000 0.000000 1.000000 0.000000
0.000000 0.000000 0.000000 0.019231 0.730769 0.000000 0.000000 0.000000 0.000000 0.000000 0.000000 0.250000
